VehicleName	TimeStamp	POS_X	POS_Y	POS_Z	Q_W	Q_X	Q_Y	Q_Z	Throttle	Steering	Brake	Gear	Handbrake	RPM	Speed	ImageFile
MyDrone	1768213950852	128.486	12.8351	-47.6715	0.707107	0	-0	-0.707107	img_MyDrone_0_0_1768213950848467000.png
MyDrone	1768213951892	128.486	2.17741	-47.6715	0.707107	0	-0	-0.707107	img_MyDrone_0_0_1768213951887989000.png
MyDrone	1768213952955	128.486	-8.37706	-47.6715	0.707107	0	-0	-0.707107	img_MyDrone_0_0_1768213952951857000.png
MyDrone	1768213953984	128.486	-17.6388	-47.6715	0.707107	0	-0	-0.707107	img_MyDrone_0_0_1768213953979663000.png
MyDrone	1768213954945	128.486	-28.2657	-47.6715	0.707107	0	-0	-0.707107	img_MyDrone_0_0_1768213954941658000.png
MyDrone	1768213955999	128.486	-38.9112	-47.6715	0.707107	0	-0	-0.707107	img_MyDrone_0_0_1768213955995591000.png
MyDrone	1768213957054	130.933	-48.4852	-47.6715	0.707107	0	-0	-0.707107	img_MyDrone_0_0_1768213957050524000.png
MyDrone	1768213958007	132.614	-59.0347	-47.6715	0.707107	0	-0	-0.707107	img_MyDrone_0_0_1768213958003636000.png
MyDrone	1768213959076	132.614	-69.7201	-47.6715	0.707107	0	-0	-0.707107	img_MyDrone_0_0_1768213959072442000.png
MyDrone	1768213960149	131.913	-80.3509	-47.6715	0.649448	0	-0	-0.760406	img_MyDrone_0_0_1768213960145378000.png
MyDrone	1768213961187	129.875	-89.6669	-47.6715	0.594823	0	-0	-0.803857	img_MyDrone_0_0_1768213961184017000.png
MyDrone	1768213962159	126.1	-99.6137	-47.6715	0.529919	0	-0	-0.848048	img_MyDrone_0_0_1768213962155264000.png
MyDrone	1768213963240	120.739	-108.996	-47.6715	0.461749	0	-0	-0.887011	img_MyDrone_0_0_1768213963237028000.png
MyDrone	1768213964317	114.105	-117.271	-47.6715	0.390731	0	-0	-0.920505	img_MyDrone_0_0_1768213964313995000.png
MyDrone	1768213965323	107.451	-123.416	-47.6715	0.325568	0	-0	-0.945519	img_MyDrone_0_0_1768213965319277000.png
MyDrone	1768213966253	98.8604	-129.273	-47.6715	0.25038	0	-0	-0.968148	img_MyDrone_0_0_1768213966249926000.png
MyDrone	1768213967306	89.3604	-133.748	-47.6715	0.173648	0	-0	-0.984808	img_MyDrone_0_0_1768213967302608000.png
MyDrone	1768213968339	80.3474	-136.74	-47.6715	0.156434	0	-0	-0.987688	img_MyDrone_0_0_1768213968335799000.png
MyDrone	1768213969303	70.4417	-139.959	-47.6715	0.156434	0	-0	-0.987688	img_MyDrone_0_0_1768213969299832000.png
MyDrone	1768213970342	60.3706	-143.21	-47.6715	0.139173	0	-0	-0.990268	img_MyDrone_0_0_1768213970337754000.png
MyDrone	1768213971400	50.3319	-145.921	-47.6715	0.121869	0	-0	-0.992546	img_MyDrone_0_0_1768213971397078000.png
MyDrone	1768213972424	40.3	-147.926	-47.6715	0.0697565	0	-0	-0.997564	img_MyDrone_0_0_1768213972421172000.png
MyDrone	1768213973445	30.3067	-148.977	-47.6715	0.026177	0	-0	-0.999657	img_MyDrone_0_0_1768213973441917000.png
MyDrone	1768213974450	20.1077	-149.353	-47.6715	0.0174524	0	-0	-0.999848	img_MyDrone_0_0_1768213974446859000.png
MyDrone	1768213975486	9.85371	-149.711	-47.6715	0.0174524	0	-0	-0.999848	img_MyDrone_0_0_1768213975482951000.png
MyDrone	1768213976503	-0.26933	-158.255	-47.6715	0.0174524	0	-0	-0.999848	img_MyDrone_0_0_1768213976499551000.png
MyDrone	1768213977522	-10.4492	-158.61	-47.6715	0.0174524	0	-0	-0.999848	img_MyDrone_0_0_1768213977519064000.png
MyDrone	1768213978565	-20.8005	-158.972	-47.6715	0.0174524	0	-0	-0.999848	img_MyDrone_0_0_1768213978561645000.png
MyDrone	1768213979608	-31.1607	-159.333	-47.6715	0.0174524	0	-0	-0.999848	img_MyDrone_0_0_1768213979604192000.png
MyDrone	1768213980611	-40.3547	-159.654	-47.6715	0.0174524	0	-0	-0.999848	img_MyDrone_0_0_1768213980607461000.png
MyDrone	1768213981532	-50.3599	-159.502	-47.6715	0.052336	-0	0	0.99863	img_MyDrone_0_0_1768213981528057000.png
MyDrone	1768213982547	-60.4596	-157.764	-47.6715	0.130526	-0	0	0.991445	img_MyDrone_0_0_1768213982543830000.png
MyDrone	1768213983575	-69.9986	-154.526	-47.6715	0.207912	-0	0	0.978148	img_MyDrone_0_0_1768213983571477000.png
MyDrone	1768213984551	-78.8127	-149.868	-47.6715	0.284015	-0	0	0.95882	img_MyDrone_0_0_1768213984547831000.png
MyDrone	1768213985536	-86.6006	-144.048	-47.6715	0.358368	-0	0	0.93358	img_MyDrone_0_0_1768213985532767000.png
MyDrone	1768213986551	-93.6486	-136.812	-47.6715	0.430511	-0	0	0.902585	img_MyDrone_0_0_1768213986547851000.png
MyDrone	1768213987572	-99.5359	-128.478	-47.6715	0.5	-0	0	0.866025	img_MyDrone_0_0_1768213987567997000.png
MyDrone	1768213988590	-104.387	-119.218	-47.6715	0.522499	-0	0	0.85264	img_MyDrone_0_0_1768213988585657000.png
MyDrone	1768213989513	-116.583	-115.255	-47.6715	0.529919	-0	0	0.848048	img_MyDrone_0_0_1768213989510264000.png
MyDrone	1768213990545	-129.388	-109.374	-47.6715	0.594823	-0	0	0.803857	img_MyDrone_0_0_1768213990541161000.png
MyDrone	1768213991571	-131.776	-99.2643	-47.6715	0.642788	-0	0	0.766044	img_MyDrone_0_0_1768213991566826000.png
MyDrone	1768213992610	-133.38	-90.1655	-47.6715	0.642788	-0	0	0.766044	img_MyDrone_0_0_1768213992606899000.png
MyDrone	1768213993568	-135.068	-79.6327	-47.6715	0.649448	-0	0	0.760406	img_MyDrone_0_0_1768213993563910000.png
MyDrone	1768213994618	-136.69	-69.3939	-47.6715	0.649448	-0	0	0.760406	img_MyDrone_0_0_1768213994615009000.png
MyDrone	1768213995649	-138.076	-59.0691	-47.6715	0.67559	-0	0	0.737277	img_MyDrone_0_0_1768213995645854000.png
MyDrone	1768213996697	-138.973	-48.8172	-47.6715	0.67559	-0	0	0.737277	img_MyDrone_0_0_1768213996693254000.png
MyDrone	1768213997746	-139.886	-38.3756	-47.6715	0.67559	-0	0	0.737277	img_MyDrone_0_0_1768213997742370000.png
MyDrone	1768213998781	-140.594	-28.0565	-47.6715	0.694658	-0	0	0.71934	img_MyDrone_0_0_1768213998777560000.png
MyDrone	1768213999790	-140.951	-17.8498	-47.6715	0.694658	-0	0	0.71934	img_MyDrone_0_0_1768213999786652000.png
MyDrone	1768214000802	-141.299	-7.88889	-47.6715	0.694658	-0	0	0.71934	img_MyDrone_0_0_1768214000798534000.png
MyDrone	1768214001811	-141.647	2.09237	-47.6715	0.694658	-0	0	0.71934	img_MyDrone_0_0_1768214001807684000.png
MyDrone	1768214002809	-141.996	12.0789	-47.6715	0.694658	-0	0	0.71934	img_MyDrone_0_0_1768214002805191000.png
MyDrone	1768214003785	-142.344	22.0503	-47.6715	0.694658	-0	0	0.71934	img_MyDrone_0_0_1768214003781807000.png
MyDrone	1768214004794	-142.443	31.873	-47.6715	0.731354	-0	0	0.681998	img_MyDrone_0_0_1768214004791188000.png
MyDrone	1768214005808	-141.101	41.7648	-47.6715	0.782608	-0	0	0.622515	img_MyDrone_0_0_1768214005804849000.png
MyDrone	1768214006805	-138.183	51.453	-47.6715	0.829038	-0	0	0.559193	img_MyDrone_0_0_1768214006801540000.png
MyDrone	1768214007798	-133.781	60.5538	-47.6715	0.870356	-0	0	0.492424	img_MyDrone_0_0_1768214007795259000.png
MyDrone	1768214008796	-128.07	68.7736	-47.6715	0.906308	-0	0	0.422618	img_MyDrone_0_0_1768214008792796000.png
MyDrone	1768214009842	-120.869	76.2961	-47.6715	0.936672	-0	0	0.350207	img_MyDrone_0_0_1768214009838630000.png
MyDrone	1768214010878	-112.576	82.5945	-47.6715	0.961262	-0	0	0.275637	img_MyDrone_0_0_1768214010874545000.png
MyDrone	1768214011923	-104.246	87.149	-47.6715	0.978148	-0	0	0.207912	img_MyDrone_0_0_1768214011918955000.png
MyDrone	1768214012879	-94.4585	91.0362	-47.6715	0.983255	-0	0	0.182236	img_MyDrone_0_0_1768214012875983000.png
MyDrone	1768214013955	-84.4787	94.8671	-47.6715	0.983255	-0	0	0.182236	img_MyDrone_0_0_1768214013951162000.png
MyDrone	1768214015031	-74.4128	98.731	-47.6715	0.983255	-0	0	0.182236	img_MyDrone_0_0_1768214015027898000.png
MyDrone	1768214016086	-64.2572	102.292	-47.6715	0.986286	-0	0	0.165048	img_MyDrone_0_0_1768214016081510000.png
MyDrone	1768214017150	-54.2786	105.601	-47.6715	0.991445	-0	0	0.130526	img_MyDrone_0_0_1768214017145609000.png
MyDrone	1768214018236	-43.7605	108.091	-47.6715	0.993572	-0	0	0.113203	img_MyDrone_0_0_1768214018231997000.png
MyDrone	1768214019323	-33.1811	110.34	-47.6715	0.996195	-0	0	0.0871558	img_MyDrone_0_0_1768214019319202000.png
MyDrone	1768214020393	-22.5464	112.215	-47.6715	0.996195	-0	0	0.0871558	img_MyDrone_0_0_1768214020389841000.png
MyDrone	1768214021468	-11.949	113.807	-47.6715	0.997564	-0	0	0.0697565	img_MyDrone_0_0_1768214021464898000.png
MyDrone	1768214022548	-1.28473	115.306	-47.6715	0.997564	-0	0	0.0697565	img_MyDrone_0_0_1768214022544142000.png
MyDrone	1768214023622	9.35172	116.801	-47.6715	0.997564	-0	0	0.0697565	img_MyDrone_0_0_1768214023618070000.png
MyDrone	1768214024677	19.9493	118.29	-47.6715	0.997564	-0	0	0.0697565	img_MyDrone_0_0_1768214024672588000.png
MyDrone	1768214025751	30.3367	119.75	-47.6715	0.997564	-0	0	0.0697565	img_MyDrone_0_0_1768214025747571000.png
MyDrone	1768214026820	40.8772	120.969	-47.6715	0.999848	-0	0	0.0174524	img_MyDrone_0_0_1768214026816725000.png
MyDrone	1768214027876	51.5105	120.783	-47.6715	0.999048	0	-0	-0.0436194	img_MyDrone_0_0_1768214027872263000.png
MyDrone	1768214028927	60.9399	119.581	-47.6715	0.997564	0	-0	-0.0697565	img_MyDrone_0_0_1768214028923603000.png
MyDrone	1768214029903	71.681	117.52	-47.6715	0.990268	0	-0	-0.139173	img_MyDrone_0_0_1768214029898997000.png
MyDrone	1768214031018	82.1512	113.757	-47.6715	0.976296	0	-0	-0.21644	img_MyDrone_0_0_1768214031013669000.png
MyDrone	1768214032108	90.8885	109.051	-47.6715	0.95882	0	-0	-0.284015	img_MyDrone_0_0_1768214032104474000.png
MyDrone	1768214033099	99.6353	102.513	-47.6715	0.93358	0	-0	-0.358368	img_MyDrone_0_0_1768214033093902000.png
MyDrone	1768214034217	107.344	94.6077	-47.6715	0.902585	0	-0	-0.430511	img_MyDrone_0_0_1768214034213675000.png
MyDrone	1768214035302	113.137	86.5527	-47.6715	0.870356	0	-0	-0.492424	img_MyDrone_0_0_1768214035298154000.png
MyDrone	1768214036305	117.76	77.7659	-47.6715	0.833886	0	-0	-0.551937	img_MyDrone_0_0_1768214036301911000.png
MyDrone	1768214037280	120.399	71.0867	-47.6715	0.819152	0	-0	-0.573576	img_MyDrone_0_0_1768214037276456000.png
MyDrone	1768214038368	123.7	60.8089	-47.6715	0.793353	0	-0	-0.608761	img_MyDrone_0_0_1768214038364265000.png
MyDrone	1768214039418	125.925	50.3397	-47.6715	0.760406	0	-0	-0.649448	img_MyDrone_0_0_1768214039413264000.png
MyDrone	1768214040372	127.053	40.9896	-47.6715	0.737277	0	-0	-0.67559	img_MyDrone_0_0_1768214040367976000.png
MyDrone	1768214041447	127.774	30.3993	-47.6715	0.71934	0	-0	-0.694658	img_MyDrone_0_0_1768214041443298000.png
MyDrone	1768214042495	127.958	19.8047	-47.6715	0.707107	0	-0	-0.707107	img_MyDrone_0_0_1768214042491277000.png
MyDrone	1768214043531	127.958	10.3971	-47.6715	0.707107	0	-0	-0.707107	img_MyDrone_0_0_1768214043527009000.png
MyDrone	1768214044486	127.958	1.08314	-47.6715	0.707107	0	-0	-0.707107	img_MyDrone_0_0_1768214044482964000.png
MyDrone	1768214045524	127.958	-4.14559	-47.6715	0.707107	0	-0	-0.707107	img_MyDrone_0_0_1768214045520660000.png
MyDrone	1768214046558	127.958	-4.14559	-47.6715	0.707107	0	-0	-0.707107	img_MyDrone_0_0_1768214046554392000.png
